ratio
3.1817
3.13927
4.06308
2.99991
3.08607
3.16756
3.14985
3.21697
3.00059
3.24348
3.25917
3.04264
3.21226
3.38073
3.20936
3.00806
3.00338
3.26909
2.97129
3.27084
3.17728
2.93718
3.11169
2.93651
3.05369
3.0402
3.05571
3.14667
2.90272
2.92456
3.03279
3.00866
3.16446
3.00523
3.05706
3.17904
2.9316
2.9693
3.02481
3.00931
2.8766
3.15925
3.14421
3.17175
3.21246
3.1085
3.02971
2.84419
2.94894
2.99932
3.08967
2.89235
2.87819
2.98336
3.07396
2.96617
3.14434
3.08667
2.98521
3.06807
2.91947
3.0875
2.91074
2.99711
3.16316
3.09849
2.89685
2.93383
2.91622
2.92992
2.95998
3.07561
3.11356
3.04781
2.9121
3.06573
3.02742
3.0279
2.9634
3.21605
2.91593
2.99846
3.16937
3.00917
2.97014
2.88717
3.14324
3.0766
3.08945
2.95193
2.9307
2.50111
2.94281
3.18405
3.14441
3.15115
2.97288
3.11083
3.17085
3.12992
3.13081
3.06852
3.0554
2.97512
2.85988
2.84623
2.99375
2.91336
2.89082
3.02787
3.02968
2.93294
2.97391
3.06825
2.98404
2.87843
2.85651
2.8378
3.06671
2.99795
2.98794
2.93514
3.01189
2.92426
2.85047
2.96484
3.07891
2.84044
2.96556
3.60045
2.89923
2.97472
2.86051
3.06642
3.03114
2.99336
3.12749
2.81374
3.03133
3.00672
3.00934
3.5449
2.9763
2.80385
3.02559
3.01234
3.00782
3.05753
3.08905
2.87764
2.86367
3.01993
3.09979
2.93636
2.89133
3.08537
2.83861
3.04342
2.9832
3.05788
2.99102
2.80359
2.83278
3.01734
2.99548
2.89024
2.85009
2.8973
2.92186
3.01204
2.8801
3.08456
2.90368
2.96412
2.96409
2.85922
2.85491
2.88384
2.93736
3.06637
3.16743
3.11171
3.15565
2.99776
2.85966
2.94708
3.11981
3.04817
2.86398
3.04839
3.13304
3.0243
2.91915
3.15779
3.15799
2.91299
3.14197
2.87335
2.9246
3.15728
2.98291
2.86753
3.05728
3.09289
3.13278
3.07278
2.99233
3.06526
3.13107
3.06187
3.17703
2.98727
2.91444
3.18594
3.06955
2.97804
2.81936
3.05538
2.92225
3.1738
3.02405
3.03341
2.91684
2.96527
3.05438
2.9836
2.88467
3.10706
2.95037
2.87261
2.82789
3.04473
2.83677
2.87463
3.02142
2.3427
2.98479
3.02746
2.81229
2.88319
3.09067
2.88832
2.97725
3.14404
2.90896
3.02158
2.88757
3.0637
3.11978
3.06765
2.94771
2.9859
3.03677
3.07121
2.91311
2.92236
2.90565
3.08673
2.8519
2.86056
2.87867
3.04863
2.99797
3.05832
3.00733
2.7848
2.79924
3.05582
3.08596
2.81619
2.95434
3.01719
2.99452
2.86248
3.08636
3.0319
3.04386
2.8536
2.99136
2.97389
2.88654
3.01873
2.97791
2.82121
2.2731
3.00192
3.04526
2.95731
3.01963
2.83561
2.96387
2.94706
3.04726
3.00847
2.99241
2.81714
3.0176
2.79051
2.80353
2.83096
3.01122
2.97594
2.98381
2.91552
2.83652
2.93187
3.0412
2.87954
2.738
2.88036
3.0387
2.86895
3.04553
2.77881
2.88193
3.02936
3.04844
2.33422
2.88961
3.03458
3.02645
3.02087
2.85676
2.82209
2.94169
2.90305
2.91716
2.98284
2.83302
3.08561
2.74535
3.02063
3.04306
2.82337
2.8623
2.83925
2.81612
2.9551
3.01654
2.8824
3.05356
2.81527
2.99374
2.96128
2.85624
3.04341
2.79407
2.98177
2.90584
2.88557
2.82024
2.87602
2.88113
3.07344
2.82839
2.841
2.83543
2.95527
2.8367
2.84181
2.74062
2.90718
2.83445
2.81482
2.90624
2.9015
2.91172
2.89401
2.93185
2.85787
2.82354
2.78078
2.79558
2.99731
2.69726
2.7933
2.92855
2.83125
2.8885
2.8995
2.96376
2.90408
2.97364
2.6778
2.8643
2.92183
2.85488
2.86069
2.63879
2.87913
2.88636
2.72759
2.80722
2.85788
2.92343
2.67011
2.87522
2.87871
3.65753
2.77697
2.84337
2.84305
2.83735
2.75085
2.70619
2.81789
2.89065
2.87991
2.74444
2.88337
2.74005
2.89531
2.86871
2.66005
2.66199
2.7017
2.8813
2.7721
2.88238
2.70601
2.73948
2.88366
2.80606
2.88036
2.88231
2.84138
2.70294
2.82999
2.85581
2.87892
2.84988
2.66484
2.71333
2.74653
2.81887
2.80297
2.85194
2.66058
2.72234
2.66348
2.69319
2.79786
2.67382
2.66071
2.80999
2.71269
2.83249
2.85781
2.84248
2.84191
2.85647
2.83889
2.84315
2.78122
2.83702
2.82432
2.74707
2.74398
2.83526
2.75509
2.7498
2.82186
2.7374
2.68626
2.21337
2.65111
2.76813
2.61776
2.55945
2.63166
2.63839
2.71237
2.7745
2.64917
2.82449
2.69677
2.74203
2.77535
2.70604
2.57845
2.75374
2.61828
2.67768
2.6363
2.64446
2.64499
2.71481
2.74965
2.7894
2.61955
2.66607
2.72965
2.61596
2.68402
2.59172
2.66046
2.70477
2.66453
2.6181
2.65529
2.69602
2.59941
2.72931
2.58888
2.58293
2.68543
2.74632
2.64624
2.68542
2.79566
2.59112
2.78085
2.5784
2.63069
2.23412
2.57759
2.59937
2.66695
2.77332
2.62869
2.76075
2.62795
2.56268
2.60677
2.70811
2.6865
2.50796
2.63998
2.62973
2.57407
2.62168
2.6086
2.73068
2.62304
2.56043
2.56498
2.61908
2.56301
2.54718
2.57697
2.7112
2.71483
2.72451
2.73749
2.55411
2.70647
2.62907
2.56356
2.56693
2.54672
2.71015
2.63121
2.61209
2.49388
2.60887
2.67387
2.62059
2.64119
2.71364
2.6212
2.70754
2.74919
2.54654
2.63705
2.73204
2.70762
2.69283
2.57152
2.54327
2.60714
2.53295
2.69716
2.72297
2.5946
2.63968
2.68793
2.56452
2.48887
2.59737
2.52266
2.70524
2.70533
2.55834
2.70167
2.77279
2.52168
2.53349
2.6028
2.58018
2.53636
2.66936
2.46732
2.68448
2.51273
2.69194
2.70174
2.84081
2.46449
2.68352
2.55384
2.35823
2.44888
2.63313
2.56106
2.6102
2.65713
2.59055
2.68813
2.66847
2.54257
2.62192
2.52855
2.45995
2.61974
2.6277
2.49383
2.50835
2.48646
2.57586
2.47337
2.60147
2.45657
2.54368
2.50668
2.47434
2.62371
2.43327
2.44548
2.59185
2.61803
2.49313
2.42773
2.40674
2.6113
2.49316
2.42838
2.48679
2.42614
2.53418
2.61668
2.57877
2.42087
2.60246
2.63405
2.66649
2.64827
2.42259
2.62899
2.61381
2.45725
2.54414
2.43419
2.43177
2.63975
2.46351
2.47771
2.51953
2.39612
2.51264
2.47787
2.56137
2.4558
2.47546
2.38894
2.50226
2.5073
2.51821
2.37786
2.56306
2.49911
2.45512
2.63014
2.52211
2.4534
2.59073
2.47788
2.33542
2.47732
2.60594
2.53185
2.55249
2.58282
2.52744
2.48902
2.54751
2.6211
2.44533
2.53745
2.48887
2.53921
2.32709
2.5385
2.60818
2.47976
2.58876
2.36687
2.47237
2.50012
2.55878
2.61878
2.53987
2.5871
2.50121
2.50925
2.57056
2.61841
2.43078
2.44337
2.42823
2.42084
2.44836
2.5714
2.46678
2.47659
2.44153
2.50971
2.3835
2.47431
2.54306
2.40799
2.43701
2.45045
2.44928
2.58084
2.40893
2.55202
2.44059
2.4568
2.43114
2.41666
2.47859
2.50611
2.41388
2.44332
2.47198
2.49075
2.55573
2.49456
2.46915
2.49996
2.43148
2.31481
2.49383
2.32042
2.98106
2.39808
2.4258
2.39818
2.44763
2.56323
2.39614
2.40991
2.57169
2.64465
2.46522
2.47334
2.39323
2.56815
2.41635
2.57205
2.57117
2.48748
2.37501
2.4612
2.29266
2.38721
2.52393
2.45352
2.29235
2.46329
2.42286
2.47422
2.50311
2.43421
2.43547
2.55312
2.42293
2.4938
2.54435
2.48844
2.39694
2.34639
2.34732
2.38893
2.50804
2.38213
2.55564
2.33232
2.39323
2.55215
2.50896
2.50609
2.4493
2.61818
2.46895
2.45598
2.32708
2.37833
2.5187
2.52798
2.52063
2.44225
2.56126
2.31302
2.40147
2.49458
2.52388
2.35853
2.39814
2.38956
2.38026
2.29775
2.48203
2.36487
2.48553
2.37293
2.52361
2.3778
2.38113
2.56312
2.41427
2.29049
2.38126
2.42925
2.42501
2.3891
2.44275
2.53224
2.54999
2.34755
2.4863
2.39542
2.44483
2.63169
2.42829
2.48164
2.50443
2.44736
2.40248
2.28211
2.38473
2.53725
2.37885
2.42338
2.56931
2.39284
2.38636
2.54949
2.54648
2.49577
2.40707
2.41326
2.35794
2.52403
2.45586
2.51136
2.3655
2.5401
2.23528
2.40439
2.47797
2.48024
2.57293
2.25884
2.39312
2.38599
2.54805
2.55553
2.33332
2.327
2.43779
2.43005
2.44167
2.38289
2.4313
2.38436
2.30164
2.44669
2.54544
2.53703
2.47606
2.38201
2.5257
2.5035
2.39159
2.31434
2.35669
2.37532
2.34065
2.55189
2.54549
2.53989
2.33161
2.33576
2.38274
2.35014
2.46507
2.41856
2.36746
2.26691
2.36233
2.40168
2.46897
2.5251
2.37095
2.44489
2.40298
2.33902
2.40663
2.46457
2.4835
2.55008
2.43586
2.3086
2.35374
2.30728
2.34085
2.30759
2.46775
2.37273
2.43679
2.3961
2.34659
2.3514
2.48418
2.44363
2.50176
2.38079
2.05632
2.42513
2.46894
2.35466
2.28458
2.29177
2.30096
2.43052
2.41485
2.36786
2.4169
2.35711
2.51227
2.31809
2.39712
2.34265
2.40231
2.31592
2.35412
2.37551
2.40031
2.34143
2.26123
2.29039
2.26389
2.48016
2.42137
2.51134
2.51899
2.48464
2.46465
2.40691
2.32235
2.43062
2.51073
2.55146
2.31252
2.39129
2.24952
2.32265
2.4183
2.38889
2.50626
2.53492
2.43045
2.40972
2.416
2.34082
2.37927
2.42826
2.42777
2.50673
2.4783
2.3088
2.48902
2.46989
2.34346
2.3506
2.40769
2.37111
2.48102
2.55789
2.34501
2.70888
2.4859
2.38158
2.29638
2.43234
2.48615
2.55567
2.35359
2.40467
2.42617
2.43915
2.24232
2.23545
2.52467
2.38486
2.21912
2.49261
2.52274
2.35437
2.49024
2.5046
2.44455
2.44951
2.41292
2.47396
2.32664
2.45005
2.49396
2.32571
2.51933
2.39771
2.52394
2.41443
2.4034
2.33121
2.34703
2.40706
2.26385
2.40252
2.42198
2.56834
2.42572
2.31762
2.44811
2.49183
2.33618
2.41324
2.30211
2.322
2.47257
2.23393
2.56905
2.47773
2.32863
2.31686
2.3696
2.45734
2.27029
2.36038
2.41704
2.52301
2.26506
2.33033
2.51739
2.28722
2.49512
2.39852
2.22777
2.47335
2.37081
2.50386
2.34067
2.417
2.47671
2.4203
2.35587
2.32307
2.47682
2.33908
2.39979
2.34367
2.47962
2.53746
2.3255
2.26446
2.51006
2.41461
2.22577
2.40337
2.38723
2.41248
2.47816
2.29949
2.48988
2.28358
2.53768
2.36933
2.41257
2.37627
2.46795
2.53702
2.44687
2.32231
2.30223
2.40213
2.35792
2.41172
2.38685
2.50376
2.31664
2.39835
2.28783
2.46083
2.42108
2.3732
2.30829
2.39415
2.33333
2.31274
2.51972
2.40607
2.22211
2.3726
2.22263
2.40876
2.27536
2.32282
2.23043
2.377
2.398
2.25241
2.39097
2.38857
2.24694
2.34493
2.47645
2.35074
2.44892
2.36263
2.50002
2.30506
2.49686
2.39794
2.33778
2.48836
2.35322
2.48097
2.23051
2.49818
2.47997
2.46468
2.28596
2.42035
2.34234
2.20984
2.38042
2.32626
2.42386
2.33079
2.37928
2.39021
2.46133
2.50169
2.40544
2.49324
2.3371
2.34168
2.19886
2.30031
2.38455
2.44597
2.46945
2.37716
2.39091
2.35491
2.36937
2.34794
2.2759
2.23884
2.35523
2.35576
2.31691
2.46447
2.32856
2.34816
2.34406
2.24377
2.30053
2.31944
2.23891
2.45648
2.40131
2.40414
2.44898
2.31666
2.47283
2.47533
2.27216
2.01909
2.43373
2.46184
2.3348
2.48307
2.27748
2.48859
2.46206
2.56265
2.54363
2.50025
2.35792
2.38018
2.31557
2.43963
2.5068
2.39143
2.49712
2.49487
2.26009
2.35207
2.40521
2.5405
2.24198
2.35385
2.39047
2.40771
2.41083
2.42877
2.50064
2.42173
2.39555
2.48367
2.30511
2.46841
2.47897
2.41526
2.40366
2.4632
2.48551
2.35407
2.37461
2.32899
2.46918
2.3614
2.39978
2.50432
2.4172
2.38308
2.31269
2.50818
2.32931
2.50294
2.38253
2.30478
2.46932
2.48945
2.45691
2.33024
2.44684
2.41689
2.49108
2.5454
2.33293
2.40007
3.00582
2.49464
2.26544
2.25762
2.35211
2.46434
2.55255
2.40502
2.54227
2.42353
2.43839
2.47573
2.30862
2.36508
2.43892
2.43622
2.34022
2.36504
2.56041
2.29849
2.41438
2.54931
2.52151
2.55116
2.36362
2.48161
2.50289
2.43474
2.52191
2.58896
2.50314
2.40594
2.41055
2.89565
2.35531
2.324
2.33378
2.246
2.50803
2.55668
2.35632
2.35564
2.42648
2.48111
2.36986
2.59228
2.36796
2.38024
2.48836
2.31492
2.37163
2.34796
2.27495
2.26471
2.44196
2.3688
2.50234
2.3175
2.36086
2.25153
2.41248
2.25582
2.31927
2.51178
2.33509
2.37835
2.46397
2.51437
2.3421
2.53999
2.38905
2.49902
2.51869
2.33388
2.29878
2.25947
2.50441
2.3307
2.31626
2.51653
2.42347
2.23676
2.41759
2.51084
2.32724
2.35749
2.44356
2.42231
2.2482
2.51131
2.43686
2.37721
2.26625
2.25301
2.52887
2.38792
2.36708
2.27743
2.31791
2.418
2.55854
2.31584
2.35038
2.33432
2.36506
2.54861
2.54181
2.36551
2.36569
2.53692
2.27662
2.34867
2.47628
2.37759
2.26641
2.35855
2.31536
2.43137
2.37759
2.34877
2.24705
2.25557
2.35989
2.44333
2.37437
2.44856
2.35536
2.38664
2.38796
2.42537
2.39698
2.42683
2.48604
2.40978
2.50298
2.34587
2.31941
2.52145
2.32252
2.27544
2.38572
2.46842
2.27448
2.40774
2.36684
2.32055
2.37481
2.43184
2.51343
2.52602
2.51343
2.34144
2.36161
2.50805
2.36886
2.5133
2.47069
2.49037
2.42474
2.34801
2.34695
2.36065
2.34464
2.39308
2.35259
2.37962
2.50752
2.3233
2.43208
2.50394
2.28541
2.38383
2.39103
2.321
2.32685
2.38892
2.3983
2.39244
2.32317
2.36635
2.35594
2.09294
2.34976
2.33247
2.42742
2.2911
2.3966
2.40827
2.60163
2.48776
2.28491
2.22175
2.26731
2.27613
2.39608
2.40909
2.49752
2.35726
2.34221
2.34439
2.34251
2.24908
2.3542
2.2816
2.22586
2.22149
2.32214
2.37385
2.44069
2.22513
2.40595
2.35579
2.26762
2.35988
2.3558
2.39869
2.48566
2.29884
2.27448
2.48487
2.38545
2.4512
2.48917
2.21674
2.24756
2.33811
2.49636
2.48067
2.39347
2.41743
2.66825
2.34295
2.31247
2.38575
2.35984
2.21187
2.5045
2.45831
2.48284
2.39272
2.38537
2.30866
2.29876
2.32315
2.30964
2.35635
2.30215
2.31111
2.30696
2.20963
2.34004
2.2462
2.33066
2.34498
2.36733
2.34666
2.21025
2.49443
2.31041
2.31103
2.4246
2.43674
2.39029
3.00919
2.50401
2.373
2.28221
2.46074
2.24918
2.31215
2.30658
2.32298
2.3067
2.37344
2.48899
2.31798
2.33517
2.45219
2.46439
2.45834
2.24849
2.38052
2.44156
2.40804
2.47906
2.4264
2.40682
2.50562
2.31884
2.42667
2.37539
2.51006
2.31288
2.49392
2.37776
2.22345
2.37072
2.30789
2.52634
2.24982
2.35329
2.36969
2.45007
2.35716
2.48267
2.38956
2.21739
2.17935
2.26009
2.38665
2.40702
2.36745
2.46564
2.35191
2.25664
2.31653
2.3722
2.39857
2.46605
2.30139
2.31945
2.49388
2.39681
2.33019
2.43277
2.43368
2.3431
2.39708
2.37065
2.40318
2.48258
2.42288
2.38014
2.21649
2.48945
2.23325
2.3417
2.31767
2.49714
2.2143
2.38113
2.36825
2.25812
2.3428
2.46786
2.31359
2.2019
2.30936
2.51645
2.31224
2.2847
2.22101
2.26739
2.29947
2.39516
2.31862
2.39755
2.50576
2.50598
2.43779
2.3996
2.43641
2.43418
2.31992
2.37969
2.40028
2.35919
2.26967
2.22633
2.40838
2.38407
2.44069
2.32287
2.45286
2.3353
2.40191
2.34488
2.3504
2.31677
2.24468
2.39466
2.39729
2.30811
2.32884
2.29777
2.31453
2.29626
2.27647
2.40293
2.43945
2.26595
2.39343
2.45457
2.403
2.33804
2.26939
2.40164
2.43333
2.31749
2.30911
2.45555
2.42628
2.42303
2.45187
2.37379
2.44822
2.27061
2.29105
2.36094
2.41732
2.45359
2.26445
2.41956
2.33327
2.77115
2.32993
2.4533
2.41607
2.4234
2.44807
2.2651
2.35899
2.27307
2.27359
2.33279
2.37055
2.38837
2.44606
2.44042
2.44942
2.26547
2.33521
2.32964
2.33891
2.32158
2.26782
2.43485
2.28539
2.35662
2.39103
2.40876
2.40573
2.42152
2.42606
2.29072
2.32807
2.40619
2.32457
2.39281
2.29991
2.26953
2.44938
2.40928
2.26327
2.45227
2.32323
2.28016
2.40398
2.31004
2.27343
2.30477
2.33896
2.41616
2.29547
2.36037
2.36724
2.43429
2.37068
2.4483
2.45501
2.31272
2.27164
2.26315
2.42207
2.45351
2.38273
2.37331
2.38967
2.30613
2.34429
2.44101
2.40941
2.84463
2.36035
2.4541
2.43617
2.43573
2.42469
2.29487
2.35701
2.28063
2.43684
2.44855
2.3889
2.40698
2.43328
2.44079
2.35885
2.47956
2.26723
2.49552
2.24735
2.47893
2.48597
2.47456
2.49098
2.5048
2.25119
2.45338
2.50317
2.37147
2.25174
2.26781
2.59964
2.47325
2.34801
2.37429
2.22477
2.31164
2.26296
2.44962
2.37053
2.39446
2.33975
2.33176
2.26597
2.55126
2.5059
2.32374
2.32263
2.45348
2.39768
2.37879
2.41695
2.323
2.34279
2.48618
2.40363
2.20838
2.30574
2.31608
2.37019
2.50051
2.28057
2.45247
2.49026
2.21725
2.24009
2.36528
2.2312
2.33351
2.34037
2.40338
2.38123
2.45546
2.29511
2.34982
2.49856
2.30908
2.36833
2.46463
2.38141
2.37889
2.23983
2.47538
2.36641
2.26793
2.34796
2.49408
2.49837
2.31912
2.34212
2.35544
2.30728
2.50708
2.38281
2.24389
2.383
2.40449
2.31104
2.35457
2.48707
2.2288
2.40462
2.32541
2.26999
2.2121
2.38824
2.37226
2.3222
2.45851
2.39929
2.40251
2.50414
2.38436
2.49354
2.37753
2.18909
2.49114
2.56102
2.39866
2.38571
2.35379
2.42065
2.19197
2.34375
2.50543
2.40741
2.36664
2.48946
2.50815
2.53501
2.44138
2.26863
2.39873
2.38608
3.02531
2.40585
2.46898
2.31235
2.33611
2.49039
2.37394
2.29761
2.33639
2.39824
2.39898
2.31479
2.20874
2.47316
2.38869
2.46945
2.36148
2.38988
2.43422
2.35195
2.41715
2.38437
2.50429
2.37672
2.36623
2.32291
2.26526
2.25228
2.21773
2.36588
2.49931
2.51901
2.33905
2.49738
2.45195
2.27644
2.27456
2.21846
2.33474
2.41571
2.19672
2.34377
2.27733
2.41717
2.3276
2.36345
2.29301
2.32428
2.48956
2.34596
2.35593
2.52725
2.31632
2.52178
2.376
2.3153
2.36219
2.51298
2.37631
2.49449
2.44773
2.2437
2.46744
2.32942
2.359
2.31537
2.34553
2.35528
2.31743
2.30725
2.35726
2.40208
2.20766
2.37873
2.32657
2.4995
2.42331
2.3174
2.31622
2.50089
2.46524
2.39822
2.39203
2.28077
2.36927
2.41098
2.35879
2.34484
2.5078
2.37205
2.43426
2.31406
2.35528
2.45153
2.47802
2.2167
2.41237
2.50423
2.33853
2.22387
2.37497
2.39288
2.22697
2.32453
2.36722
2.49816
2.24896
2.39967
2.24003
2.37429
2.47429
2.23537
2.3373
2.23503
2.39445
2.22576
2.32616
2.31294
2.46615
2.51221
2.12794
2.22156
2.39244
2.52132
2.51471
2.38813
2.39285
2.29944
2.33091
2.1996
2.34631
2.38449
2.40473
2.35755
2.4466
2.32806
2.25835
1.97409
2.40876
2.43841
2.33576
2.48998
2.50231
2.52098
2.37517
2.29439
2.32105
2.52464
2.32222
2.3223
2.23925
2.40214
2.50756
2.20806
2.30352
2.43022
2.44154
2.49213
2.2782
2.51806
2.4762
2.32704
2.50038
2.37399
2.30175
2.274
2.42783
2.41726
2.38865
2.28552
2.32989
2.28181
2.33824
2.45016
2.27791
2.37206
2.30233
2.33832
2.4121
2.32431
2.35262
2.44274
2.30787
2.35496
2.27724
2.29439
2.40536
2.26984
2.44904
2.37519
2.50727
2.50269
2.48857
2.49045
2.37799
2.31033
2.24299
2.40112
2.52426
2.34061
2.35452
2.2945
2.36215
2.20148
2.41758
2.46212
2.42969
2.30796
2.28378
2.39141
2.44355
2.47337
2.49489
2.51145
2.18961
2.3207
2.43815
2.33447
2.32712
2.38595
2.34124
2.40465
2.47609
2.27864
2.36806
2.42959
2.37396
2.32162
2.35106
2.50474
2.60822
2.30871
2.28003
2.36526
2.51305
2.46021
2.50455
2.41242
2.33606
2.43243
2.46252
2.34196
2.26185
2.42563
2.38048
2.39185
2.3537
2.24761
2.40961
2.45393
2.36862
2.32049
2.44191
2.38011
2.36283
2.39722
2.43042
2.23511
2.31233
2.38434
2.26958
2.35291
2.49571
2.44354
2.41429
2.31013
2.33823
2.34641
2.36263
2.43338
2.19539
2.23922
2.3013
2.36867
2.33866
2.36148
2.37556
2.50708
2.48006
2.44058
2.49616
2.32253
2.53362
2.5446
2.50037
2.35718
2.2337
2.41729
2.21504
2.34643
2.50621
2.39269
2.26664
2.35551
2.34363
2.40753
2.25837
2.23956
2.44186
2.41283
2.46063
2.47789
2.44185
2.38486
2.38548
2.51569
2.48678
2.40498
2.4898
2.48184
2.43575
2.34632
2.26729
2.41644
2.43028
2.45151
2.33311
2.36698
2.31029
2.36562
2.50479
2.34382
2.30649
2.33224
2.46231
2.21909
2.38459
2.23346
2.34685
2.3266
2.36825
2.50005
2.30142
2.38218
2.32866
2.41157
2.47149
2.54518
2.37758
2.27215
2.53927
2.31198
2.33946
2.40433
2.27936
2.35642
2.4311
2.31151
2.28347
2.32431
2.32899
2.41687
2.46423
2.36088
2.40299
2.34167
2.40401
2.47346
2.45842
2.34351
2.33989
2.35987
2.39761
2.48859
2.38911
2.27411
2.308
2.40224
2.52134
2.36182
2.47081
2.4618
2.40412
2.51067
2.30143
2.38973
2.3721
2.45893
2.31014
2.30822
2.4609
2.25128
2.42871
2.36677
2.44135
2.32042
2.24464
2.46155
2.4369
2.31362
2.26742
2.28338
2.41391
2.45702
2.26782
2.30696
2.28673
2.31091
2.46744
2.40901
2.4923
2.47538
2.38937
2.49336
2.51246
2.44148
2.39583
2.45952
2.52079
2.49449
2.3798
2.34314
2.29615
2.38818
2.44389
2.22032
2.32225
2.59674
2.36428
2.31489
2.33094
2.34227
2.38436
2.38771
2.33427
2.33968
2.3318
1.94794
2.41748
2.41163
2.22987
2.39862
2.32634
2.34911
2.45469
2.46345
2.51514
2.48866
2.21269
2.32733
2.32947
2.40347
2.48938
2.26819
2.38611
2.493
2.3885
2.3166
2.63246
2.50324
2.42708
2.44785
2.22658
2.30932
2.31637
2.27795
2.33747
2.36304
2.34307
2.41133
2.41074
2.39284
2.28918
2.2959
2.41338
2.3184
2.39052
2.3384
2.22908
2.36241
2.38597
2.45423
2.52145
2.22572
2.38183
2.47196
2.26569
2.40486
2.37611
2.32499
2.22934
2.49253
2.38927
2.38972
2.33184
2.38555
2.24106
2.41603
2.41185
2.44848
2.39783
2.32468
2.31296
2.28949
2.32993
2.45242
2.40635
2.29845
2.32668
2.23544
2.37003
2.48416
2.31659
2.52146
2.33664
2.44089
2.40258
2.37983
2.35042
2.32537
2.31431
2.47532
2.63541
2.5233
2.34485
2.41032
2.26406
2.34646
2.51609
2.3529
2.41646
2.38537
2.38359
2.25428
2.34159
2.50254
2.40868
2.59601
2.43268
2.33531
2.31407
2.42013
2.42629
2.41311
2.49513
2.49938
2.3156
2.46484
2.38107
2.47398
2.29181
2.42151
2.34416
2.44545
2.31729
2.41584
2.51638
2.25907
2.2438
2.43917
2.41352
2.34904
2.46675
2.30205
2.46606
2.44364
2.27812
2.34934
2.53397
2.3812
2.22996
2.25585
2.3361
2.3571
2.34157
2.46933
2.25543
2.41519
2.42953
2.48676
2.23797
2.44101
2.47371
2.41961
2.25379
2.50813
2.47251
2.4872
2.35075
2.42713
2.4408
2.38059
2.3281
2.26724
2.33111
2.25151
2.23127
2.23247
2.5017
2.24472
2.23683
2.36382
2.3299
2.51072
2.36744
2.42355
2.46795
2.50991
2.37222
2.52552
2.42806
2.51858
2.42228
2.63393
2.45451
2.41238
2.24106
2.52017
2.40733
2.35021
2.42096
2.35708
2.44733
2.45841
2.32678
2.3584
2.24499
2.34374
2.43588
2.29043
2.29947
2.39939
2.45238
2.30732
2.3937
2.42129
2.4846
2.26536
2.2857
2.38468
2.49018
2.47919
2.46986
2.4101
2.30319
2.52827
2.27018
2.33741
2.5087
2.24079
2.5227
2.33781
2.47214
2.35393
2.33028
2.49347
2.27865
2.47863
2.50253
2.37116
2.54477
2.33466
2.47984
2.40877
2.48316
2.36698
2.43267
2.52145
2.51849
2.49256
2.34505
2.24186
2.43683
2.45913
2.51741
2.34814
2.26168
2.50432
2.41628
2.36908
2.53275
2.34259
2.3848
2.43455
2.33213
2.24761
2.43547
2.4608
2.33667
2.34246
2.47261
2.538
2.42984
2.24677
2.06034
2.28524
2.41804
2.43211
2.43302
2.36481
2.47078
2.41488
2.53466
2.44197
2.32308
2.52618
2.48753
2.34607
2.35776
2.3531
2.50299
2.5
2.24312
2.32843
2.30334
2.36789
2.37259
2.45335
2.49686
2.35007
2.34093
2.28044
2.53591
2.3847
2.35814
2.33888
2.41563
2.46517
2.29998
2.31211
2.51242
2.35358
2.45799
2.37681
2.34826
2.35232
2.30309
2.44325
2.42477
2.47149
2.37037
2.45649
2.40398
2.53525
2.42157
2.53402
2.52506
2.40072
2.5347
2.44329
2.5177
2.34407
2.32652
2.49744
2.4475
2.45769
2.36898
2.37495
2.28511
2.29188
2.31483
2.26123
2.43501
2.27555
2.3984
2.46495
2.47204
2.32267
2.33025
2.39757
2.53957
2.31239
2.5171
2.35305
2.38478
2.48552
2.36686
2.36419
2.30925
2.45833
2.34637
2.2735
2.39535
2.28554
2.35152
2.52414
2.39328
2.38505
2.59233
2.35002
2.43658
2.37917
2.4589
2.38949
2.43197
2.26786
2.5268
2.40114
2.14455
2.3482
2.55218
2.36018
2.25126
2.34154
2.39018
2.44701
2.3926
2.31068
2.4164
2.36869
2.53282
2.48991
2.26207
2.29809
2.48722
2.41795
2.33741
2.42738
2.53449
2.46255
2.26518
2.3448
2.56364
2.35038
2.2612
2.40086
2.37661
2.30814
2.36591
2.53006
2.43696
2.26431
2.404
2.57287
2.54552
2.43567
2.46338
2.46897
2.41885
2.46712
2.3584
2.53704
2.26329
2.5397
2.49063
2.48184
2.44434
2.42992
2.38137
2.26692
2.38953
2.44435
2.28285
2.31002
2.38598
2.47095
2.36448
2.29448
2.38254
2.46216
2.561
2.43587
2.39969
2.40348
2.26375
2.37976
2.31157
2.33673
2.5054
2.52506
2.43569
2.51579
2.51538
2.41204
2.49726
2.43205
2.43632
2.37901
2.32564
2.49376
2.48448
2.50142
2.48866
2.48119
2.39318
2.27703
2.34293
2.39342
2.41836
2.37724
2.37842
2.33596
2.4722
2.57338
2.54716
2.48379
2.8264
2.56755
2.52026
2.54479
2.35385
2.29018
2.47916
2.47657
2.36478
2.36778
2.37424
2.50834
2.35963
2.58081
2.45901
2.53806
2.35035
2.55566
2.41122
2.39942
2.41629
2.55478
2.45618
2.37191
2.56709
2.36208
2.57117
2.31384
2.34848
2.53323
2.48211
2.57002
2.46405
2.45023
2.33651
2.48852
2.45227
2.31149
2.50591
2.28698
2.49714
2.1709
2.4933
2.40677
2.42344
2.51921
2.38338
2.45448
2.37742
2.29581
2.40401
2.57421
2.37387
2.42834
2.57682
2.29781
2.4317
2.4728
2.34671
2.50336
2.45475
2.54753
2.35972
2.5793
2.52157
2.4443
2.33766
2.57514
2.29443
2.28191
2.50236
2.29307
2.37199
2.3997
2.48486
2.44814
2.4907
2.48514
2.44425
2.50342
2.3805
2.48907
2.602
2.4962
2.4534
2.53793
2.43007
2.3768
2.51938
2.39313
2.45939
2.57548
2.59056
2.34413
2.43086
2.29297
2.29255
2.29065
2.5918
2.59189
2.43832
2.3387
2.58318
2.43613
2.53248
2.428
2.46083
2.37731
2.49898
2.43791
2.93492
2.43459
2.45226
2.47149
2.42057
2.5508
2.34872
2.44825
2.31288
2.49942
2.29086
2.4815
2.51089
2.49908
2.38849
2.28658
2.57407
2.47188
2.33271
2.27871
2.3971
2.58554
2.48486
2.43843
2.34564
2.5532
2.57419
2.44985
2.54671
2.58582
2.51699
2.52505
2.26998
2.41763
2.39078
3.05382
2.41422
2.48773
2.41384
2.4188
2.54152
2.5148
2.41148
2.42321
2.43983
2.50731
2.43721
2.40598
2.59763
2.48715
2.56484
2.45377
2.47536
2.40509
2.50259
2.37741
2.40903
2.39154
2.32623
2.56743
2.2945
2.47785
2.47087
2.37679
2.50424
2.46881
2.36246
2.55754
2.51608
2.32607
2.90413
2.30598
2.44425
2.48357
2.55798
2.50407
2.33457
2.49351
2.50656
2.37713
2.59283
2.59249
2.44201
2.31474
2.33395
2.61909
2.59039
2.56381
2.60494
2.33102
2.63465
2.5191
2.42942
2.51468
2.34557
2.50795
2.56639
2.41181
2.45221
2.49644
2.56782
2.55442
2.33887
2.31255
2.58378
2.55841
2.41489
2.3931
2.34298
2.65641
2.47737
2.52503
2.49855
2.49275
2.51289
2.32793
2.3808
2.35583
2.41958
2.60957
2.53054
2.64287
2.46952
2.62464
2.49334
2.48198
2.45033
2.33055
2.54905
2.41773
2.62866
2.50414
2.60881
2.34597
2.43205
2.4742
2.38226
2.64513
2.42932
2.47611
2.31794
2.59701
2.40272
2.61846
2.53312
2.52445
2.37611
2.53772
2.5351
2.59765
2.56182
2.47067
2.46095
2.32164
2.43189
2.67962
2.64101
2.47189
2.61024
2.62094
2.55241
2.33999
2.45113
2.50154
2.47206
2.46278
2.38927
2.60961
2.43141
2.54574
2.54118
2.34063
2.45806
2.54219
2.64741
2.54807
2.40728
2.50583
2.45727
2.49053
2.35202
2.4731
2.55851
2.43925
2.37155
2.52098
2.63538
2.41559
2.5644
2.35539
2.47895
2.62671
2.4288
2.62715
2.63093
2.65816
2.47766
2.56538
2.44657
2.33019
2.56894
2.56986
2.46661
2.36903
2.57033
2.55394
2.50678
2.62016
2.61298
2.52758
2.45957
2.45025
2.60353
2.34957
2.47939
2.43099
2.36311
2.44422
2.41335
2.66459
3.17432
2.50842
2.5382
2.59453
2.53738
2.53175
2.58252
2.42675
2.38154
2.5513
2.58124
2.59232
2.56824
2.43383
2.46516
2.37617
2.57972
2.56785
2.50436
2.65431
2.55732
2.55095
2.65404
2.57569
2.66985
2.41292
2.55043
2.47718
2.49535
2.47929
2.67877
2.46174
2.5473
2.46549
2.51996
2.57917
2.5228
2.57952
2.4828
2.41926
2.64887
2.48431
2.47402
2.65322
2.57401
2.57934
2.53573
2.4813
2.36992
2.45648
2.11965
2.64601
2.39955
2.47245
2.49369
2.6932
2.53871
2.5242
2.57443
2.71585
2.70231
2.46931
2.37979
2.43942
2.49502
2.64685
2.66742
2.5722
2.49481
2.53248
2.60069
2.69753
2.49178
2.4917
2.61165
2.45992
2.71769
2.52633
2.70252
2.51348
2.37648
2.45053
2.61491
2.38428
2.43026
2.57073
2.68998
2.45651
2.42247
2.60636
2.39864
2.67944
2.388
2.57717
2.35901
2.52736
2.56843
2.62882
2.57707
2.58726
2.61871
2.58186
2.644
2.48099
2.38691
2.60144
2.46806
2.56542
2.67992
2.44516
2.47968
2.38197
2.47231
2.70783
2.46533
2.69103
2.64019
2.59531
2.56673
2.57579
2.50638
2.64917
2.56424
2.55317
2.66568
2.60171
2.41734
2.46709
2.37885
2.3835
2.52334
2.63458
2.51331
2.5384
2.49065
2.46328
2.38526
2.47894
2.40658
2.40421
2.63523
2.39514
2.57067
2.54321
2.69511
2.4646
2.61551
2.66897
2.56455
2.54621
2.50614
2.46475
2.39386
2.57244
2.64464
2.54952
2.72634
2.70214
2.54018
2.4816
2.56173
2.64619
2.60943
2.54018
2.61022
2.44233
2.44032
2.49568
2.60632
2.44982
2.55385
2.49465
2.44886
2.45945
2.49373
2.66301
2.55416
2.59934
2.59221
2.64989
2.44711
2.65715
2.64428
2.50333
2.6691
2.43618
2.50537
2.47572
2.56053
2.57913
2.62732
2.62216
2.43978
2.60632
2.39623
2.51967
2.66123
2.46055
2.47331
2.44201
2.65931
2.62885
2.60971
2.65991
2.46155
2.67266
2.67252
2.55464
2.66526
2.49949
2.66817
2.63807
2.62216
2.44605
2.68414
2.4468
2.65556
2.44786
2.56712
2.5245
2.49829
2.62976
2.71204
2.53846
2.65396
2.48346
2.69216
2.6287
2.45257
2.71875
2.77506
2.49498
2.69619
2.43867
2.60207
2.53035
2.75342
3.1522
2.41262
2.57193
2.69139
2.55603
2.70051
2.65672
2.489
2.40984
2.52681
2.6576
2.56447
2.66337
2.40609
2.50149
2.72812
2.63175
2.46488
2.60821
2.56115
2.51586
2.52686
2.72256
2.41288
2.4957
2.7298
2.46262
2.61295
2.45749
2.49866
2.65592
2.52198
2.67041
2.48902
2.60195
2.5257
2.40147
2.62713
2.60934
2.64849
2.71515
2.7457
2.41629
2.68202
2.58757
2.72678
2.4609
2.39897
2.61769
2.75144
2.51127
2.62014
2.70143
2.50331
2.45742
2.54226
2.62682
2.73655
2.40141
2.50711
2.54806
2.54185
2.44608
2.63405
2.55545
2.70927
2.57172
2.489
2.67206
2.66981
2.55371
2.59739
2.77265
2.61727
2.68001
2.73211
2.51165
2.60046
2.48137
2.56185
2.52542
2.67803
2.57107
2.58007
2.51996
2.69138
2.46785
2.5889
2.74112
2.40644
2.5846
2.46791
2.54918
2.68562
2.64213
2.56645
2.62888
2.63494
2.5111
2.74699
2.64037
2.43615
2.48646
2.57981
2.52176
2.49904
2.50421
2.54726
2.6013
2.46433
2.58123
2.54282
2.53557
2.41287
2.53507
2.41844
2.50001
2.4585
2.64842
2.51588
2.74473
2.4615
2.6221
2.64599
2.5169
2.42277
2.54927
2.53924
2.44562
2.64085
2.46648
2.49981
2.5492
2.75862
2.5273
2.57473
2.65485
2.55873
2.47785
2.4144
2.56394
2.52534
2.47008
2.72723
2.57359
2.66903
2.66445
2.41073
2.64031
2.51149
2.72191
2.62563
3.01455
2.6699
2.647
2.77601
2.59467
2.65317
2.48185
2.41453
2.52712
2.45643
2.39974
2.55552
2.54681
2.47846
2.76772
2.68256
2.43365
2.71808
2.51319
2.79514
2.60459
2.69633
2.44569
2.72401
2.60154
2.63436
2.72497
2.62179
2.62985
2.71479
2.56596
2.63355
2.75625
2.47238
2.43273
2.43286
2.6104
2.43565
2.48255
2.63375
2.54856
2.42897
2.59366
2.5594
2.46128
2.52989
2.61535
2.6947
2.69449
2.65461
2.66945
2.70931
2.64947
2.56187
2.429
2.77057
2.50918
2.45532
2.54246
2.52561
2.62855
2.43854
2.51706
2.66186
2.6976
2.51975
2.52926
2.686
2.4639
2.68934
2.67368
2.5118
2.7535
2.65187
2.44837
2.44135
2.63582
2.52601
2.7072
2.76139
2.52892
2.43469
2.52894
2.49021
2.73112
2.52514
2.63873
2.54202
2.50584
2.82684
2.42953
2.64953
2.67931
2.57113
2.62624
2.5343
2.6828
2.45919
2.73509
2.47598
2.42505
2.44755
2.56503
2.74026
2.59745
2.64716
2.66646
2.53473
2.51896
2.43317
2.62782
2.45231
2.63314
2.72844
2.44519
2.55048
2.60487
2.6679
2.5762
2.54853
2.67323
2.63469
2.4872
2.66294
2.50619
2.70068
2.71683
2.58479
2.63009
2.58433
2.48727
2.54711
2.75154
2.54242
2.55092
2.58518
2.56795
2.43459
2.59079
2.65596
2.53714
2.74579
2.43472
2.51918
2.71105
2.60825
2.62694
2.4619
2.76636
2.64669
2.70183
2.54861
2.61397
2.68652
2.70539
2.61091
2.73861
2.63898
2.77776
2.44902
2.3968
2.76886
2.75911
2.6346
2.65732
2.81187
2.55621
2.76106
2.65015
2.67571
2.43107
2.72875
2.6375
2.43009
2.53232
2.77749
2.52701
2.64965
2.57386
2.64527
2.54195
2.4209
2.78901
2.54036
2.61417
2.76597
2.74888
2.58662
2.54836
2.64526
2.6355
2.77976
2.54805
2.63762
2.53643
2.7181
2.69596
2.63707
2.43383
2.46741
2.53642
2.55518
2.77458
2.72371
2.80915
2.44975
2.53471
2.52081
2.67394
2.54453
2.40394
2.5395
2.48765
2.60686
2.57857
2.67573
2.70393
2.72355
2.68008
2.48354
2.52096
2.70502
2.66211
2.5125
2.70812
2.57542
2.72103
2.75199
2.71778
2.6312
2.68308
2.61961
2.49548
2.64337
2.54242
2.63079
2.73098
2.51595
2.60868
2.7329
2.72269
2.66188
2.4929
2.58123
2.51609
2.50523
2.71561
2.7259
2.68138
2.5579
2.67276
2.71454
2.48807
2.54475
2.74117
2.52705
2.602
2.44179
2.57439
2.74147
2.6571
2.52969
2.7055
2.52447
2.69385
2.70083
2.61267
2.67186
2.50665
2.54047
2.582
2.56562
2.70579
2.53675
2.73957
2.70218
2.70383
2.54035
2.65783
2.55477
2.54446
2.50821
2.53977
2.50268
2.50726
2.71985
2.48988
2.51238
2.50281
2.67809
2.52604
2.64941
2.67803
2.73753
2.54864
2.81293
2.5758
2.45564
2.71117
2.4445
2.7114
2.624
2.70809
2.46403
2.74511
2.68577
2.65555
2.78949
2.6456
2.53807
2.60162
2.45419
2.68349
2.67155
2.42312
2.67565
2.54552
2.63131
2.64682
2.61442
2.6133
2.82812
2.49622
2.64453
2.58306
2.64294
2.76229
2.47675
2.52046
2.76748
2.80026
2.82125
2.44816
2.53595
2.5586
2.62407
2.65972
2.55697
2.72915
2.7538
2.72187
2.78585
2.5262
2.69634
2.6502
2.55831
2.44035
2.44796
2.60545
2.50507
2.52698
2.79015
2.64842
2.64861
2.74078
2.73008
2.58698
2.83457
2.4581
2.7587
2.50032
2.58327
2.73959
2.6636
2.43233
2.4973
2.65187
2.51474
2.73222
2.72576
2.54906
2.48941
2.5468
2.68737
2.66357
2.60178
2.4328
2.60492
2.68519
2.618
2.68622
2.62003
2.46098
2.55518
2.53379
2.56106
2.67157
2.61634
2.67979
2.4765
2.76126
2.53449
2.64859
2.61877
2.56152
2.69443
2.47422
2.54918
2.68178
2.51033
2.64838
2.62998
2.67114
2.45182
2.48802
2.97847
2.57689
2.74816
2.62286
2.73095
2.68316
2.71223
2.44754
2.68453
2.61931
2.60387
2.61648
2.48792
2.83564
2.58594
2.63555
2.58351
2.69095
2.66231
2.64776
2.59655
2.65377
2.62688
2.8041
2.62276
2.56888
2.56776
2.80297
2.7939
2.70962
2.54466
2.81928
2.78586
2.57817
2.7367
2.58254
2.65485
2.64131
2.5419
2.44447
2.55725
2.61258
2.6239
2.60968
2.64645
2.59483
2.79626
2.6104
2.781
2.62598
2.48842
2.5521
2.46108
2.6276
2.73693
2.50125
2.56634
2.66954
2.6185
2.80764
2.6178
2.60346
2.59343
2.57319
2.7078
2.64406
2.75083
2.67418
2.74326
2.51656
2.57567
2.59091
2.56944
2.7201
2.55475
2.56564
2.74455
2.43817
2.46463
2.65427
2.5871
2.64217
2.89912
2.45966
2.84078
2.78713
2.4418
2.65663
2.50963
2.6557
2.63703
2.70713
2.83404
2.55965
2.55309
2.45651
2.78045
2.55595
2.68041
2.70523
2.59263
2.49999
2.66327
2.64725
2.56395
2.64543
2.67007
2.82379
2.62241
2.4363
2.62192
2.67768
2.66595
2.60599
2.61598
2.8124
2.58014
2.46037
2.50479
2.60571
2.53917
2.83529
2.44784
2.47135
2.60164
2.45946
2.63755
2.71269
2.65943
2.5644
2.43295
2.72164
2.4446
2.47426
2.444
2.76561
2.72777
2.56325
2.5729
2.68585
2.56953
2.67558
2.5771
2.67791
2.60264
2.70732
2.7464
2.76016
2.77343
2.60785
2.50906
2.5688
2.62406
2.82033
2.55721
2.6889
2.77064
2.59718
2.76934
2.71413
2.56321
2.61567
2.6813
2.81163
2.6085
2.48418
2.81025
2.78616
2.85926
2.45059
2.63937
2.79677
2.46624
2.65989
2.6797
2.68866
2.68206
2.62667
2.56896
2.56957
2.49101
2.47263
2.61777
3.22205
2.54906
2.64038
2.46865
2.56735
2.63505
2.57681
2.59183
2.62481
2.67194
2.62522
2.67646
2.75168
2.62964
2.6183
2.85784
2.63328
2.81003
2.68562
2.61483
2.63134
2.68272
2.57193
2.63774
2.49028
2.826
2.49674
2.74102
2.68202
2.66175
2.70384
2.68294
3.19813
2.56146
2.64735
2.6584
2.65092
2.56894
2.6756
2.65303
2.56347
2.76943
2.43682
2.47147
2.59151
2.85016
2.7484
2.60086
2.81358
2.71364
2.74608
2.58634
2.52086
2.66573
2.67993
2.7475
2.57425
2.73509
2.8375
2.67896
2.71495
2.54949
2.5866
2.47965
2.68569
2.94758
2.68824
2.70009
2.50448
2.48803
2.44023
2.82961
2.63515
2.58504
2.4785
2.52964
2.65193
2.60709
2.56287
2.65831
2.57538
2.47695
2.59067
2.83733
2.65119
2.59567
2.66103
2.78234
2.52472
2.68023
2.58261
2.66282
2.46573
2.73254
2.67097
2.47016
2.52245
2.47317
2.81956
2.57591
2.62356
2.45286
2.59276
2.51036
2.63307
2.55065
2.76583
2.47661
2.678
2.59061
2.5572
2.65021
2.89899
2.55969
2.63976
2.60342
2.56537
2.53454
2.524
2.52674
2.60265
2.48283
2.73942
2.63577
2.74277
2.58417
2.52914
2.65335
2.64801
2.77835
2.65944
2.51494
2.68422
2.53782
2.84198
2.73848
2.55006
2.61659
2.62374
2.73907
2.72533
2.58845
2.65865
2.53435
2.60703
2.58445
2.62653
2.59206
2.47235
2.82001
2.70581
2.46145
2.47301
2.68669
2.60448
2.80543
2.68844
2.45695
2.60734
2.54308
2.58931
2.59615
2.61235
2.86055
2.67849
2.57907
2.76995
2.71848
2.78251
2.61692
2.79136
2.6673
2.65034
2.71799
2.47609
2.58776
2.80043
2.68155
2.7168
2.65222
2.79487
3.17068
2.74965
2.7073
2.66246
2.47819
2.70471
2.83907
2.45662
2.58248
2.65803
2.6511
2.81828
2.70455
2.84807
2.51254
2.60791
2.58951
2.78885
2.64573
2.65265
2.55888
2.54264
2.69368
2.62959
2.84508
2.7775
2.72294
2.6615
2.54544
2.79834
2.74564
2.50539
2.67297
2.72874
2.63604
2.8896
2.59999
2.60887
2.49064
2.751
2.76384
2.73991
2.66281
2.58817
2.7003
2.83781
2.73003
2.56757
2.64968
2.57963
2.28099
2.51535
2.85055
2.73082
2.61455
2.65132
2.69825
2.62605
2.52694
2.57903
2.77107
2.84884
2.75496
2.65638
2.7282
2.77329
2.65635
2.63823
2.6437
2.61192
2.8385
2.59776
2.48983
2.74741
2.7781
2.48013
2.8185
2.65977
2.63402
2.66013
2.67621
2.64071
2.69445
2.79263
2.79709
2.61858
2.48315
2.46274
2.73073
2.63033
2.53308
2.52363
2.61582
2.65854
2.61267
2.50193
2.60038
2.70811
2.67577
3.38921
2.69244
2.45913
2.84019
2.61514
2.5618
2.72074
2.84758
2.72707
2.73165
2.80998
2.49222
2.64132
2.65132
2.75489
2.74689
2.51294
2.73448
2.74531
2.59657
2.72863
